0 0.34444444444444444 0.7072916666666667 0.1 0.12708333333333333
0 0.3201388888888889 0.8302083333333333 0.10138888888888889 0.12708333333333333
0 0.42291666666666666 0.8416666666666667 0.10416666666666667 0.16666666666666666
1 0.7784722222222222 0.20416666666666666 0.06527777777777778 0.10416666666666667
1 0.44722222222222224 0.5166666666666666 0.1388888888888889 0.17916666666666667
1 0.3451388888888889 0.4239583333333333 0.12083333333333333 0.17708333333333334
1 0.8319444444444445 0.20104166666666667 0.05277777777777778 0.10625
1 0.9319444444444445 0.23020833333333332 0.058333333333333334 0.08125
1 0.9631944444444445 0.2635416666666667 0.051388888888888894 0.06875
1 0.9631944444444445 0.3302083333333333 0.04027777777777778 0.05625
1 0.8916666666666667 0.6552083333333333 0.058333333333333334 0.07708333333333334
1 0.9222222222222223 0.6739583333333333 0.04166666666666667 0.07291666666666667