0 0.5104166666666667 0.6166666666666667 0.09305555555555556 0.12916666666666665
0 0.43194444444444446 0.6802083333333333 0.08333333333333334 0.12291666666666666
0 0.49444444444444446 0.8333333333333334 0.07222222222222223 0.11666666666666667
0 0.42708333333333337 0.8541666666666666 0.06527777777777778 0.09166666666666666
0 0.3625 0.8385416666666666 0.06666666666666667 0.09375
0 0.45763888888888893 0.7677083333333333 0.06805555555555556 0.10208333333333333
0 0.3993055555555556 0.7770833333333333 0.059722222222222225 0.08333333333333333
1 0.38958333333333334 0.23333333333333334 0.09027777777777778 0.12916666666666665
1 0.44583333333333336 0.25104166666666666 0.075 0.10625
1 0.9638888888888889 0.46041666666666664 0.06944444444444445 0.175
1 0.9416666666666667 0.6104166666666666 0.08333333333333334 0.1