0 0.5750000000000001 0.46979166666666666 0.11388888888888889 0.15208333333333332
0 0.6166666666666667 0.33229166666666665 0.08888888888888889 0.12291666666666666
0 0.6263888888888889 0.7114583333333333 0.08611111111111111 0.11458333333333333
1 0.4847222222222222 0.42083333333333334 0.10555555555555556 0.15833333333333333
1 0.8208333333333334 0.23020833333333332 0.061111111111111116 0.08541666666666667
1 0.6868055555555556 0.030208333333333334 0.09861111111111112 0.06458333333333333
1 0.4375 0.14375 0.0638888888888889 0.1
1 0.48194444444444445 0.14895833333333333 0.061111111111111116 0.08958333333333333
1 0.5868055555555556 0.8760416666666666 0.11527777777777778 0.15208333333333332
1 0.8770833333333333 0.21145833333333333 0.05416666666666667 0.09375
0 0.8131944444444444 0.19166666666666665 0.059722222222222225 0.075