0 0.6013888888888889 0.7104166666666667 0.07222222222222223 0.08333333333333333
0 0.6493055555555556 0.7520833333333333 0.07083333333333333 0.1
0 0.8076388888888889 0.4864583333333333 0.04027777777777778 0.05625
0 0.78125 0.5125 0.0375 0.04583333333333333
1 0.3576388888888889 0.4822916666666667 0.07083333333333333 0.09791666666666667
1 0.5902777777777778 0.6208333333333333 0.07222222222222223 0.09583333333333333
1 0.6541666666666667 0.6020833333333333 0.0638888888888889 0.09166666666666666
1 0.5715277777777777 0.5635416666666666 0.059722222222222225 0.07708333333333334
1 0.5527777777777778 0.18854166666666666 0.07222222222222223 0.09375
1 0.3423611111111111 0.18854166666666666 0.06527777777777778 0.08958333333333333
1 0.39861111111111114 0.16666666666666666 0.0638888888888889 0.08333333333333333
1 0.29444444444444445 0.3416666666666667 0.05 0.07083333333333333
1 0.5034722222222222 0.15625 0.0625 0.1
1 0.7875 0.14375 0.04166666666666667 0.058333333333333334
1 0.7611111111111112 0.18854166666666666 0.044444444444444446 0.05625
0 0.58125 0.08229166666666667 0.08472222222222223 0.11875