0 0.3840277777777778 0.21354166666666666 0.13472222222222222 0.19791666666666666
0 0.4951388888888889 0.625 0.09305555555555556 0.10833333333333334
0 0.5840277777777778 0.6104166666666666 0.08472222222222223 0.11666666666666667
0 0.1951388888888889 0.5677083333333334 0.05694444444444444 0.08541666666666667
0 0.3902777777777778 0.3458333333333333 0.13611111111111113 0.14583333333333334
1 0.48680555555555555 0.20729166666666665 0.10972222222222222 0.18958333333333333
0 0.9479166666666667 0.13854166666666667 0.10138888888888889 0.15625
1 0.15833333333333333 0.06770833333333333 0.07777777777777778 0.11875
1 0.23055555555555557 0.11354166666666667 0.07777777777777778 0.11041666666666666
1 0.2611111111111111 0.5260416666666666 0.08055555555555556 0.13541666666666666
1 0.5416666666666667 0.7583333333333333 0.10277777777777779 0.14166666666666666