0 0.5090277777777777 0.15 0.09583333333333334 0.1375
0 0.4979166666666667 0.6208333333333333 0.10138888888888889 0.1375
0 0.5583333333333333 0.5552083333333333 0.08888888888888889 0.12708333333333333
1 0.5381944444444444 0.21354166666666666 0.09861111111111112 0.13541666666666666
1 0.6020833333333333 0.17083333333333334 0.09305555555555556 0.1375
1 0.5729166666666667 0.0875 0.08472222222222223 0.09583333333333333
1 0.7090277777777778 0.20520833333333333 0.07916666666666666 0.11041666666666666
1 0.3145833333333333 0.24895833333333334 0.05416666666666667 0.08125
1 0.3479166666666667 0.27291666666666664 0.04861111111111111 0.07083333333333333
1 0.7986111111111112 0.7510416666666666 0.058333333333333334 0.08125
1 0.7423611111111111 0.15416666666666667 0.07083333333333333 0.10833333333333334
1 0.8479166666666667 0.5916666666666667 0.0763888888888889 0.09583333333333333