0 0.47361111111111115 0.6385416666666667 0.1 0.13541666666666666
0 0.39861111111111114 0.7395833333333334 0.09444444444444444 0.16666666666666666
0 0.6166666666666667 0.6604166666666667 0.06944444444444445 0.1
0 0.725 0.6427083333333333 0.06944444444444445 0.11041666666666666
0 0.6729166666666667 0.7239583333333334 0.0763888888888889 0.10208333333333333
1 0.6229166666666667 0.46770833333333334 0.08472222222222223 0.11041666666666666
1 0.49930555555555556 0.13333333333333333 0.12916666666666668 0.175
1 0.6104166666666667 0.34270833333333334 0.07083333333333333 0.10625
1 0.9104166666666667 0.25 0.07083333333333333 0.075
1 0.875 0.46875 0.05277777777777778 0.07083333333333333
1 0.9020833333333333 0.5354166666666667 0.0763888888888889 0.08333333333333333
1 0.4513888888888889 0.7697916666666667 0.10555555555555556 0.16041666666666665