1 0.7743055555555556 0.51875 0.0763888888888889 0.09583333333333333
1 0.78125 0.05520833333333333 0.08472222222222223 0.11041666666666666
1 0.7263888888888889 0.058333333333333334 0.06666666666666667 0.1
0 0.8444444444444444 0.575 0.07222222222222223 0.1
0 0.5631944444444444 0.6822916666666666 0.11805555555555557 0.15208333333333332
0 0.4763888888888889 0.6260416666666666 0.08611111111111111 0.13125
0 0.5472222222222223 0.5708333333333333 0.075 0.0875
0 0.5694444444444444 0.24166666666666667 0.11388888888888889 0.175
0 0.6104166666666667 0.325 0.08750000000000001 0.125
0 0.7875 0.64375 0.08333333333333334 0.125
0 0.9319444444444445 0.80625 0.05277777777777778 0.075
0 0.9736111111111111 0.8552083333333333 0.05 0.09375