1 0.3493055555555556 0.40625 0.08750000000000001 0.125
1 0.3875 0.3020833333333333 0.075 0.10833333333333334
1 0.4638888888888889 0.22708333333333333 0.04722222222222222 0.0625
0 0.26180555555555557 0.26458333333333334 0.07916666666666666 0.12083333333333333
1 0.20277777777777778 0.3302083333333333 0.08611111111111111 0.13125
0 0.8472222222222222 0.2125 0.058333333333333334 0.09166666666666666
0 0.7826388888888889 0.2947916666666667 0.051388888888888894 0.07708333333333334
0 0.43194444444444446 0.5854166666666667 0.12222222222222223 0.15833333333333333
0 0.5680555555555555 0.7822916666666666 0.08611111111111111 0.12708333333333333
0 0.6229166666666667 0.91875 0.10416666666666667 0.15833333333333333
0 0.20694444444444446 0.4739583333333333 0.0638888888888889 0.09375
0 0.17083333333333334 0.5302083333333333 0.06944444444444445 0.09375