0 0.7369791666666666 0.5784722222222223 0.23645833333333333 0.33194444444444443
1 0.6557291666666667 0.7284722222222223 0.21145833333333333 0.23194444444444445
1 0.9171874999999999 0.5909722222222222 0.159375 0.33194444444444443
1 0.7270833333333333 0.8736111111111111 0.19375 0.225
1 0.2265625 0.513888888888889 0.040625 0.044444444444444446
0 0.9052083333333333 0.25416666666666665 0.04375 0.075
1 0.21510416666666665 0.5715277777777777 0.04895833333333333 0.04583333333333334
1 0.2895833333333333 0.26180555555555557 0.0375 0.04027777777777778
0 0.3260416666666667 0.26875 0.035416666666666666 0.0375
0 0.3338541666666667 0.23055555555555557 0.030208333333333334 0.030555555555555558
1 0.14635416666666667 0.4618055555555556 0.03854166666666667 0.04861111111111111