1 0.28541666666666665 0.6444444444444445 0.26458333333333334 0.2916666666666667
0 0.5708333333333333 0.5625 0.29375 0.35833333333333334
0 0.32447916666666665 0.40208333333333335 0.28020833333333334 0.2625
0 0.7109375 0.13541666666666669 0.071875 0.07083333333333333
0 0.7973958333333333 0.17430555555555557 0.040625 0.0763888888888889
0 0.32135416666666666 0.20972222222222223 0.09895833333333333 0.10555555555555556
0 0.6515625 0.2763888888888889 0.046875 0.05555555555555556
0 0.020833333333333332 0.3652777777777778 0.0375 0.06666666666666667
1 0.04479166666666667 0.4375 0.06666666666666667 0.06666666666666667
0 0.6104166666666666 0.9541666666666667 0.13125 0.08888888888888889
0 0.3770833333333333 0.7673611111111112 0.05 0.05694444444444444