1 0.49374999999999997 0.2138888888888889 0.125 0.1388888888888889
1 0.4557291666666667 0.33472222222222225 0.13229166666666667 0.14444444444444446
1 0.6401041666666667 0.2152777777777778 0.051041666666666666 0.06666666666666667
1 0.6765625 0.25972222222222224 0.059375 0.0638888888888889
1 0.7119791666666666 0.21041666666666667 0.042708333333333334 0.0625
1 0.6635416666666667 0.07361111111111111 0.04583333333333333 0.05
0 0.4276041666666667 0.08611111111111111 0.026041666666666668 0.03333333333333333
0 0.5572916666666666 0.2715277777777778 0.07916666666666666 0.12916666666666668
0 0.7479166666666667 0.8555555555555556 0.3020833333333333 0.28055555555555556
1 0.9078125 0.19236111111111112 0.096875 0.1125
1 0.865625 0.27847222222222223 0.05625 0.10694444444444445
1 0.9229166666666666 0.2777777777777778 0.06458333333333333 0.09166666666666667