0 0.1203125 0.5902777777777778 0.084375 0.10833333333333334
0 0.4088541666666667 0.4930555555555556 0.28229166666666666 0.3138888888888889
0 0.5375 0.3055555555555556 0.20625 0.24444444444444446
0 0.8963541666666667 0.513888888888889 0.08854166666666667 0.1277777777777778
0 0.9473958333333333 0.4548611111111111 0.096875 0.1625
0 0.08854166666666667 0.6472222222222223 0.06041666666666667 0.06944444444444445
0 0.2755208333333333 0.7763888888888889 0.053125 0.07222222222222223
0 0.2557291666666667 0.8520833333333334 0.051041666666666666 0.0625
0 0.1515625 0.9576388888888889 0.071875 0.0763888888888889
0 0.4869791666666667 0.5868055555555556 0.19479166666666667 0.21805555555555556
0 0.5828125 0.8430555555555556 0.034375 0.036111111111111115
0 0.7442708333333333 0.8284722222222223 0.034375 0.043055555555555555
0 0.7692708333333333 0.8013888888888889 0.040625 0.05277777777777778
0 0.7703125 0.7430555555555556 0.040625 0.05277777777777778