0 0.5380208333333333 0.5569444444444445 0.184375 0.25833333333333336
0 0.8479166666666667 0.6548611111111111 0.04583333333333333 0.07083333333333333
0 0.603125 0.7506944444444444 0.15 0.1875
0 0.37864583333333335 0.7604166666666667 0.046875 0.07083333333333333
0 0.016666666666666666 0.6902777777777778 0.03333333333333333 0.09166666666666667
0 0.4302083333333333 0.8763888888888889 0.04375 0.07777777777777778
0 0.04479166666666667 0.8409722222222222 0.03333333333333333 0.05694444444444444
1 0.20572916666666666 0.7458333333333333 0.04479166666666667 0.05
1 0.6317708333333333 0.7118055555555556 0.128125 0.15694444444444444
1 0.9098958333333333 0.675 0.065625 0.09166666666666667
1 0.035416666666666666 0.8902777777777778 0.035416666666666666 0.04166666666666667
1 0.3734375 0.8055555555555556 0.046875 0.04722222222222222