0 0.5322916666666666 0.44375000000000003 0.22083333333333333 0.25416666666666665
0 0.6682291666666667 0.3402777777777778 0.16979166666666667 0.19166666666666668
0 0.42135416666666664 0.16597222222222222 0.06145833333333333 0.06527777777777778
0 0.8171875 0.5305555555555556 0.046875 0.061111111111111116
0 0.8588541666666667 0.5458333333333334 0.04479166666666667 0.058333333333333334
0 0.9479166666666666 0.6097222222222223 0.035416666666666666 0.03888888888888889
0 0.7776041666666667 0.3840277777777778 0.036458333333333336 0.0375
0 0.09322916666666667 0.5131944444444445 0.036458333333333336 0.04583333333333334
1 0.17864583333333334 0.40972222222222227 0.078125 0.07222222222222223
1 0.26666666666666666 0.18125 0.06041666666666667 0.07083333333333333
1 0.31927083333333334 0.20972222222222223 0.040625 0.04722222222222222
1 0.32916666666666666 0.24791666666666667 0.041666666666666664 0.0375
1 0.3375 0.2916666666666667 0.0375 0.03333333333333333