0 0.5244791666666666 0.5347222222222222 0.2739583333333333 0.34444444444444444
0 0.4473958333333333 0.6534722222222222 0.171875 0.23194444444444445
1 0.6072916666666667 0.7118055555555556 0.16458333333333333 0.1736111111111111
1 0.8609375 0.3909722222222222 0.071875 0.07361111111111111
1 0.8890625 0.32430555555555557 0.053125 0.0763888888888889
0 0.821875 0.31527777777777777 0.09375 0.1
0 0.5015625 0.17847222222222223 0.040625 0.043055555555555555
1 0.08072916666666667 0.4826388888888889 0.036458333333333336 0.034722222222222224
1 0.07447916666666667 0.22430555555555556 0.04479166666666667 0.043055555555555555
0 0.07760416666666667 0.18680555555555556 0.042708333333333334 0.043055555555555555
0 0.4203125 0.2791666666666667 0.028125 0.03333333333333333
1 0.4010416666666667 0.32222222222222224 0.029166666666666667 0.036111111111111115