1 0.041666666666666664 0.6097222222222223 0.07916666666666666 0.12222222222222223
1 0.8895833333333333 0.7486111111111111 0.08125 0.09166666666666667
1 0.8833333333333333 0.36319444444444443 0.05625 0.05416666666666667
0 0.3072916666666667 0.2111111111111111 0.23541666666666666 0.25833333333333336
0 0.3697916666666667 0.5513888888888889 0.18333333333333332 0.2138888888888889
0 0.3833333333333333 0.33958333333333335 0.18125 0.1625
0 0.678125 0.49583333333333335 0.0375 0.04166666666666667
0 0.8416666666666667 0.29930555555555555 0.07083333333333333 0.07361111111111111
0 0.8552083333333333 0.6944444444444444 0.04375 0.04166666666666667
1 0.6661458333333333 0.3284722222222222 0.034375 0.03194444444444445
0 0.6432291666666666 0.757638888888889 0.03854166666666667 0.04027777777777778
1 0.41302083333333334 0.7263888888888889 0.028125 0.030555555555555558
1 0.6697916666666667 0.5576388888888889 0.029166666666666667 0.03194444444444445
1 0.6895833333333333 0.3111111111111111 0.03125 0.025
0 0.9380208333333333 0.5881944444444445 0.028125 0.0375
0 0.9739583333333334 0.5972222222222222 0.03125 0.03888888888888889